function [LOS,NLOS]=values()
LOS=zeros(10,5);
NLOS=zeros(38,5);
%-------LOS--------
%TX-id
LOS(1:3)=1;
LOS(4)=2;
LOS(5)=3;
LOS(6:10)=4;
%RX-id 
LOS(1,2)=1;
LOS(2,2)=4;
LOS(3,2)=7;
LOS(4,2)=10;
LOS(5,2)=16;
LOS(6,2)=11;
LOS(7,2)=12;
LOS(8,2)=28;
LOS(9,2)=121;
LOS(10,2)=161;
%PL (dB)
LOS(1,3)=69.3;
LOS(2,3)=75.3;
LOS(3,3)=76.5;
LOS(4,3)=66.3;
LOS(5,3)=68.0;
LOS(6,3)=74.3;
LOS(7,3)=70.4;
LOS(8,3)=75.4;
LOS(9,3)=71.3;
LOS(10,3)=74.5;
%T-R m
LOS(1,4)=6.4;
LOS(2,4)=7.9;
LOS(3,4)=12.9;
LOS(4,4)=4.1;
LOS(5,4)=5.3;
LOS(6,4)=12.7;
LOS(7,4)=7.1;
LOS(8,4)=21.3;
LOS(9,4)=7.1;
LOS(10,4)=20.6;
%------NLOS--------
%TX id
NLOS(1:6)=1;
NLOS(7:19)=2;
NLOS(20:25)=3;
NLOS(26:30)=4;
NLOS(31:38)=5;
%RX id
NLOS(1,2) = 2;
NLOS(2,2) = 3;
NLOS(3,2) = 5;
NLOS(4,2) = 6;
NLOS(5,2) = 8;
NLOS(6,2) = 9;
NLOS(7,2) = 11;
NLOS(8,2) = 12;
NLOS(9,2) = 13;
NLOS(10,2) = 14;
NLOS(11,2) = 15;
NLOS(12,2) = 16;
NLOS(13,2) = 17;
NLOS(14,2) = 18;
NLOS(15,2) = 19;
NLOS(16,2) = 20;
NLOS(17,2) = 21;
NLOS(18,2) = 22;
NLOS(19,2) = 161;
NLOS(20,2) = 17;
NLOS(21,2) = 23;
NLOS(22,2) = 24;
NLOS(23,2) = 25;
NLOS(24,2) = 26;
NLOS(25,2) = 27;
NLOS(26,2) = 13;
NLOS(27,2) = 14;
NLOS(28,2) = 15;
NLOS(29,2) = 16;
NLOS(30,2) = 18;
NLOS(31,2) = 8;
NLOS(32,2) = 19;
NLOS(33,2) = 28;
NLOS(34,2) = 29;
NLOS(35,2) = 30;
NLOS(36,2) = 31;
NLOS(37,2) = 32;
NLOS(38,2) = 33;


%PL
NLOS(1,3) = 76.6;
NLOS(2,3) = 82.7;
NLOS(3,3) = 84.3;
NLOS(4,3) = 86.4;
NLOS(5,3) = 95.9;
NLOS(6,3) = 118.5;
NLOS(7,3) = 78.5;
NLOS(8,3) = 89.5;
NLOS(9,3) = 113.1;
NLOS(10,3) = 119.3;
NLOS(11,3) = 115.8;
NLOS(12,3) = 97.8;
NLOS(13,3) = 120.5;
NLOS(14,3) = 93.6;
NLOS(15,3) = 103.1;
NLOS(16,3) = 111.3;
NLOS(17,3) = 78.0;
NLOS(18,3) = 95.3;
NLOS(19,3) = 98.6;
NLOS(20,3) = 85.8;
NLOS(21,3) = 79.9;
NLOS(22,3) = 86.1;
NLOS(23,3) = 76.31;
NLOS(24,3) = 72.9;
NLOS(25,3) = 75.8;
NLOS(26,3) = 97.2;
NLOS(27,3) = 105.0;
NLOS(28,3) = 97.5;
NLOS(29,3) = 80.0;
NLOS(30,3) = 96.8;
NLOS(31,3) = 73.8;
NLOS(32,3) = 75.3;
NLOS(33,3)  = 86.1;
NLOS(34,3) = 81.3; 
NLOS(35,3) = 88.7;
NLOS(36,3) = 90.4;
NLOS(37,3) = 90.2;
NLOS(38,3) = 97.0;

%T-R
NLOS(1,4) = 7.8;
NLOS(2,4) = 10.1;
NLOS(3,4) = 11.9;
NLOS(4,4) = 14.4;
NLOS(5,4) = 25.9;
NLOS(6,4) = 32.9;
NLOS(7,4) = 9;
NLOS(8,4) = 28.5;
NLOS(9,4) = 29.2;
NLOS(10,4) = 30.4;
NLOS(11,4) = 39.2;
NLOS(12,4) = 41.9;
NLOS(13,4) = 45.9;
NLOS(14,4) = 12.1;
NLOS(15,4) = 15.5;
NLOS(16,4) = 17.1;
NLOS(17,4) = 6.7;
NLOS(18,4) = 14.8;
NLOS(19,4) = 41.9;
NLOS(20,4) = 8.7;
NLOS(21,4) = 5.6;
NLOS(22,4) = 7.8;
NLOS(23,4) = 8.4;
NLOS(24,4) = 5.5;
NLOS(25,4) = 8.3;
NLOS(26,4) = 8.2;
NLOS(27,4) = 10.8;
NLOS(28,4) = 20.8;
NLOS(29,4) = 20.6;
NLOS(30,4) = 33;
NLOS(31,4) = 3.9;
NLOS(32,4) = 6.9;
NLOS(33,4) = 15.6;
NLOS(34,4) = 15;
NLOS(35,4) = 11.4;
NLOS(36,4) = 13.9;
NLOS(37,4) = 31.2;
NLOS(38,4) = 9.1;



end








